%Scan start date and time: 9/02/2021 10:19:32 AM
%Scan end date and time: 9/02/2021 11:32:25 AM
%Sample Z (um): 2499.879000
%Initial X (um): -1459.500000
%Initial Y (um): -125.500000
%Scan size X (um): 1.000000
%Scan size Y (um): 160.000000
%Number of X pixels: 2
%Number of Y pixels: 800
%Step size X (um): 0.500000
%Step size Y (um): 0.200000
%Final position X (um): -1459.500000
%Final position Y (um): -285.300000
%Detector read time (ms): 1500
%Detector wait time (ms): 1000
%Scan cancelled: No
%Scan comments: OPERATOR: Bergin DETECTOR: Emission 1100 uA, filament 2, delta m -100.0%, discriminator -4.0%, multiplier 2750V, electron energy 49V. SETTINGS: 200 bar, 296 Kelvin, 17.0 mm, 200 um skimmer, 3D printed pinhole plate. STICK: Resolution test sample. SCAN: Line scan of horizontal slits 

 1616.0 1722.0
1622.0 1706.0
1654.0 1629.0
1716.0 1705.0
1688.0 1618.0
1675.0 1652.0
1639.0 1622.0
1636.0 1658.0
1602.0 1739.0
1665.0 1687.0
1636.0 1600.0
1654.0 1685.0
1639.0 1643.0
1701.0 1688.0
1699.0 1693.0
1658.0 1699.0
1574.0 1595.0
1658.0 1650.0
1751.0 1687.0
1689.0 1701.0
1648.0 1670.0
1599.0 1639.0
1714.0 1553.0
1659.0 1598.0
1655.0 1609.0
1717.0 1642.0
1663.0 1680.0
1612.0 1715.0
1705.0 1664.0
1660.0 1712.0
1633.0 1665.0
1724.0 1698.0
1618.0 1604.0
1620.0 1601.0
1605.0 1671.0
1600.0 1563.0
1572.0 1626.0
1640.0 1592.0
1607.0 1538.0
1540.0 1580.0
1592.0 1545.0
1545.0 1551.0
1485.0 1457.0
1484.0 1485.0
1457.0 1497.0
1497.0 1460.0
1390.0 1430.0
1364.0 1422.0
1413.0 1424.0
1322.0 1308.0
1272.0 1259.0
1346.0 1213.0
1258.0 1321.0
1188.0 1224.0
1180.0 1116.0
1146.0 1119.0
1036.0 1106.0
993.0 1096.0
1075.0 1035.0
1065.0 966.0
962.0 995.0
980.0 988.0
971.0 929.0
933.0 892.0
947.0 969.0
921.0 867.0
865.0 882.0
880.0 885.0
893.0 854.0
791.0 863.0
845.0 930.0
855.0 852.0
815.0 810.0
755.0 820.0
802.0 758.0
793.0 819.0
835.0 849.0
804.0 772.0
783.0 804.0
792.0 807.0
824.0 852.0
850.0 861.0
803.0 747.0
764.0 779.0
779.0 778.0
804.0 748.0
775.0 814.0
835.0 842.0
845.0 751.0
821.0 801.0
863.0 795.0
800.0 735.0
808.0 821.0
816.0 800.0
781.0 858.0
765.0 749.0
833.0 774.0
787.0 791.0
760.0 780.0
837.0 782.0
836.0 829.0
794.0 750.0
812.0 782.0
832.0 718.0
810.0 877.0
836.0 779.0
783.0 775.0
817.0 768.0
835.0 821.0
860.0 842.0
857.0 797.0
818.0 797.0
836.0 868.0
874.0 835.0
825.0 891.0
911.0 859.0
894.0 874.0
936.0 963.0
947.0 1012.0
976.0 974.0
994.0 1012.0
1007.0 965.0
1006.0 1052.0
1091.0 1056.0
1077.0 1040.0
1133.0 1092.0
1127.0 1183.0
1174.0 1159.0
1260.0 1269.0
1261.0 1287.0
1282.0 1272.0
1269.0 1330.0
1290.0 1391.0
1390.0 1330.0
1446.0 1415.0
1491.0 1424.0
1423.0 1518.0
1464.0 1508.0
1503.0 1511.0
1450.0 1503.0
1502.0 1568.0
1627.0 1589.0
1568.0 1529.0
1565.0 1610.0
1600.0 1675.0
1624.0 1561.0
1695.0 1625.0
1616.0 1592.0
1619.0 1587.0
1729.0 1617.0
1593.0 1640.0
1676.0 1579.0
1670.0 1647.0
1629.0 1683.0
1621.0 1694.0
1659.0 1598.0
1690.0 1624.0
1664.0 1644.0
1621.0 1589.0
1619.0 1718.0
1694.0 1686.0
1644.0 1601.0
1644.0 1567.0
1603.0 1634.0
1624.0 1560.0
1636.0 1591.0
1631.0 1630.0
1585.0 1736.0
1630.0 1642.0
1652.0 1636.0
1602.0 1698.0
1700.0 1668.0
1620.0 1567.0
1635.0 1598.0
1608.0 1674.0
1627.0 1582.0
1604.0 1592.0
1606.0 1612.0
1750.0 1563.0
1670.0 1647.0
1526.0 1629.0
1601.0 1719.0
1590.0 1620.0
1600.0 1622.0
1640.0 1601.0
1579.0 1604.0
1635.0 1612.0
1624.0 1595.0
1559.0 1643.0
1549.0 1536.0
1568.0 1508.0
1519.0 1547.0
1488.0 1509.0
1521.0 1465.0
1502.0 1426.0
1425.0 1452.0
1391.0 1384.0
1334.0 1350.0
1359.0 1329.0
1326.0 1318.0
1289.0 1303.0
1343.0 1320.0
1349.0 1291.0
1195.0 1203.0
1213.0 1203.0
1091.0 1125.0
1135.0 1079.0
1135.0 1062.0
1079.0 1033.0
1047.0 1026.0
1042.0 976.0
944.0 950.0
917.0 948.0
972.0 985.0
933.0 944.0
973.0 876.0
847.0 922.0
913.0 886.0
859.0 912.0
832.0 819.0
892.0 849.0
858.0 830.0
775.0 806.0
806.0 838.0
798.0 764.0
809.0 764.0
784.0 810.0
802.0 784.0
807.0 833.0
790.0 837.0
827.0 770.0
733.0 833.0
831.0 738.0
766.0 816.0
782.0 770.0
741.0 759.0
793.0 734.0
856.0 807.0
823.0 829.0
799.0 803.0
755.0 776.0
770.0 771.0
805.0 810.0
807.0 796.0
873.0 804.0
754.0 841.0
789.0 848.0
781.0 837.0
766.0 794.0
863.0 810.0
787.0 814.0
806.0 824.0
794.0 775.0
795.0 813.0
804.0 782.0
836.0 890.0
817.0 826.0
811.0 787.0
829.0 856.0
826.0 830.0
831.0 906.0
838.0 865.0
823.0 864.0
861.0 872.0
839.0 854.0
934.0 891.0
927.0 950.0
950.0 877.0
900.0 897.0
930.0 955.0
947.0 937.0
1002.0 1022.0
1066.0 991.0
1054.0 1006.0
1090.0 1036.0
1101.0 1106.0
1061.0 1094.0
1159.0 1156.0
1157.0 1141.0
1262.0 1254.0
1190.0 1213.0
1245.0 1328.0
1336.0 1302.0
1408.0 1420.0
1408.0 1367.0
1440.0 1435.0
1381.0 1434.0
1413.0 1429.0
1430.0 1435.0
1468.0 1471.0
1422.0 1430.0
1518.0 1493.0
1546.0 1543.0
1585.0 1479.0
1541.0 1567.0
1566.0 1517.0
1559.0 1573.0
1606.0 1631.0
1570.0 1519.0
1550.0 1594.0
1548.0 1600.0
1630.0 1615.0
1545.0 1534.0
1662.0 1510.0
1560.0 1647.0
1625.0 1607.0
1562.0 1625.0
1599.0 1636.0
1642.0 1625.0
1578.0 1547.0
1582.0 1537.0
1542.0 1668.0
1566.0 1514.0
1577.0 1533.0
1587.0 1606.0
1607.0 1635.0
1579.0 1537.0
1551.0 1556.0
1613.0 1563.0
1697.0 1525.0
1661.0 1623.0
1529.0 1666.0
1484.0 1518.0
1652.0 1555.0
1528.0 1592.0
1563.0 1573.0
1528.0 1625.0
1628.0 1529.0
1591.0 1601.0
1601.0 1697.0
1561.0 1564.0
1621.0 1532.0
1584.0 1527.0
1612.0 1560.0
1562.0 1626.0
1612.0 1645.0
1537.0 1563.0
1572.0 1559.0
1606.0 1610.0
1552.0 1586.0
1568.0 1571.0
1558.0 1605.0
1521.0 1588.0
1654.0 1639.0
1568.0 1556.0
1665.0 1597.0
1559.0 1644.0
1594.0 1656.0
1661.0 1658.0
1508.0 1600.0
1543.0 1649.0
1577.0 1618.0
1562.0 1570.0
1565.0 1654.0
1588.0 1568.0
1563.0 1632.0
1491.0 1530.0
1638.0 1628.0
1655.0 1521.0
1548.0 1572.0
1598.0 1485.0
1555.0 1615.0
1572.0 1490.0
1527.0 1471.0
1485.0 1501.0
1477.0 1526.0
1436.0 1462.0
1421.0 1483.0
1476.0 1498.0
1461.0 1451.0
1466.0 1445.0
1401.0 1453.0
1360.0 1382.0
1417.0 1272.0
1342.0 1350.0
1313.0 1248.0
1205.0 1288.0
1204.0 1197.0
1221.0 1235.0
1195.0 1101.0
1209.0 1170.0
1172.0 1100.0
1083.0 999.0
1059.0 1104.0
1072.0 1014.0
966.0 987.0
989.0 919.0
970.0 907.0
964.0 907.0
911.0 962.0
896.0 859.0
820.0 910.0
899.0 877.0
826.0 815.0
877.0 835.0
847.0 812.0
908.0 868.0
852.0 803.0
808.0 834.0
857.0 778.0
795.0 793.0
803.0 803.0
858.0 851.0
780.0 839.0
845.0 791.0
830.0 783.0
808.0 814.0
819.0 853.0
785.0 810.0
817.0 837.0
812.0 816.0
814.0 849.0
878.0 876.0
864.0 878.0
886.0 851.0
871.0 903.0
877.0 813.0
932.0 941.0
928.0 945.0
930.0 941.0
930.0 934.0
1000.0 1031.0
1049.0 999.0
1080.0 1004.0
1072.0 1023.0
1170.0 1083.0
1228.0 1100.0
1167.0 1163.0
1125.0 1233.0
1181.0 1232.0
1204.0 1268.0
1208.0 1295.0
1313.0 1330.0
1310.0 1358.0
1412.0 1312.0
1276.0 1384.0
1457.0 1312.0
1383.0 1475.0
1398.0 1443.0
1485.0 1562.0
1581.0 1430.0
1502.0 1515.0
1563.0 1511.0
1553.0 1483.0
1610.0 1510.0
1539.0 1497.0
1555.0 1592.0
1665.0 1534.0
1551.0 1463.0
1535.0 1542.0
1544.0 1620.0
1596.0 1502.0
1579.0 1557.0
1585.0 1578.0
1584.0 1620.0
1574.0 1547.0
1552.0 1572.0
1579.0 1601.0
1578.0 1630.0
1568.0 1553.0
1551.0 1609.0
1581.0 1618.0
1535.0 1501.0
1558.0 1597.0
1545.0 1498.0
1447.0 1526.0
1456.0 1484.0
1541.0 1455.0
1449.0 1461.0
1435.0 1454.0
1393.0 1430.0
1401.0 1374.0
1355.0 1372.0
1378.0 1291.0
1302.0 1311.0
1275.0 1308.0
1207.0 1249.0
1202.0 1214.0
1204.0 1135.0
1127.0 1138.0
1099.0 1167.0
1109.0 1110.0
1054.0 988.0
1033.0 1044.0
1061.0 1007.0
953.0 982.0
941.0 987.0
1010.0 926.0
878.0 901.0
926.0 921.0
915.0 855.0
888.0 891.0
844.0 813.0
818.0 876.0
807.0 893.0
822.0 804.0
822.0 865.0
811.0 818.0
806.0 803.0
785.0 785.0
809.0 791.0
802.0 802.0
808.0 818.0
827.0 771.0
775.0 838.0
826.0 772.0
777.0 847.0
848.0 789.0
751.0 812.0
825.0 854.0
793.0 843.0
845.0 797.0
844.0 897.0
856.0 887.0
894.0 890.0
858.0 942.0
922.0 921.0
961.0 953.0
980.0 949.0
1011.0 961.0
915.0 964.0
1045.0 1031.0
1007.0 1017.0
1071.0 992.0
1045.0 1050.0
1096.0 1052.0
1154.0 1081.0
1090.0 1084.0
1254.0 1179.0
1211.0 1249.0
1239.0 1218.0
1290.0 1360.0
1265.0 1305.0
1375.0 1332.0
1387.0 1417.0
1442.0 1387.0
1384.0 1435.0
1440.0 1408.0
1437.0 1460.0
1461.0 1444.0
1445.0 1463.0
1488.0 1595.0
1531.0 1588.0
1567.0 1518.0
1649.0 1544.0
1528.0 1458.0
1495.0 1558.0
1533.0 1567.0
1530.0 1583.0
1595.0 1562.0
1578.0 1634.0
1638.0 1518.0
1651.0 1540.0
1546.0 1644.0
1565.0 1478.0
1628.0 1578.0
1690.0 1552.0
1576.0 1534.0
1524.0 1524.0
1600.0 1587.0
1508.0 1619.0
1536.0 1573.0
1524.0 1557.0
1599.0 1526.0
1616.0 1596.0
1614.0 1551.0
1601.0 1536.0
1556.0 1553.0
1555.0 1629.0
1585.0 1637.0
1631.0 1588.0
1656.0 1549.0
1648.0 1568.0
1538.0 1571.0
1645.0 1546.0
1625.0 1595.0
1587.0 1553.0
1638.0 1581.0
1518.0 1547.0
1598.0 1576.0
1601.0 1545.0
1536.0 1631.0
1562.0 1562.0
1572.0 1600.0
1610.0 1466.0
1636.0 1581.0
1525.0 1596.0
1627.0 1559.0
1609.0 1649.0
1578.0 1637.0
1464.0 1504.0
1648.0 1572.0
1529.0 1551.0
1568.0 1545.0
1570.0 1572.0
1547.0 1586.0
1540.0 1648.0
1574.0 1600.0
1641.0 1551.0
1462.0 1659.0
1642.0 1611.0
1572.0 1599.0
1631.0 1526.0
1507.0 1613.0
1577.0 1473.0
1557.0 1535.0
1556.0 1519.0
1491.0 1575.0
1662.0 1571.0
1514.0 1536.0
1560.0 1635.0
1568.0 1549.0
1541.0 1533.0
1462.0 1529.0
1556.0 1519.0
1488.0 1449.0
1477.0 1475.0
1572.0 1486.0
1421.0 1406.0
1417.0 1407.0
1423.0 1361.0
1350.0 1381.0
1439.0 1324.0
1341.0 1344.0
1300.0 1349.0
1274.0 1289.0
1222.0 1240.0
1165.0 1189.0
1199.0 1234.0
1159.0 1187.0
1190.0 1054.0
1091.0 1049.0
1075.0 1078.0
1083.0 989.0
989.0 1033.0
1030.0 966.0
960.0 999.0
989.0 952.0
972.0 886.0
946.0 924.0
978.0 923.0
941.0 888.0
870.0 903.0
860.0 848.0
861.0 856.0
904.0 849.0
875.0 839.0
916.0 878.0
848.0 836.0
836.0 871.0
866.0 880.0
924.0 819.0
925.0 823.0
879.0 826.0
929.0 861.0
913.0 899.0
880.0 984.0
920.0 953.0
973.0 956.0
1004.0 940.0
1013.0 1039.0
1055.0 1024.0
1077.0 1039.0
1095.0 1013.0
1082.0 1105.0
1164.0 1136.0
1119.0 1089.0
1174.0 1145.0
1157.0 1145.0
1228.0 1228.0
1257.0 1217.0
1278.0 1303.0
1259.0 1298.0
1330.0 1326.0
1294.0 1267.0
1374.0 1342.0
1433.0 1332.0
1475.0 1399.0
1429.0 1400.0
1444.0 1457.0
1429.0 1550.0
1481.0 1549.0
1490.0 1499.0
1464.0 1575.0
1572.0 1485.0
1558.0 1602.0
1550.0 1566.0
1514.0 1487.0
1437.0 1505.0
1566.0 1612.0
1597.0 1549.0
1559.0 1546.0
1552.0 1436.0
1478.0 1528.0
1546.0 1488.0
1471.0 1487.0
1477.0 1444.0
1515.0 1397.0
1458.0 1492.0
1396.0 1369.0
1345.0 1429.0
1459.0 1360.0
1330.0 1321.0
1304.0 1346.0
1242.0 1324.0
1232.0 1253.0
1270.0 1314.0
1245.0 1198.0
1180.0 1191.0
1208.0 1153.0
1250.0 1134.0
1163.0 1096.0
1081.0 1081.0
1094.0 1017.0
1108.0 1071.0
1011.0 1036.0
1020.0 1011.0
1013.0 987.0
962.0 930.0
982.0 949.0
928.0 912.0
961.0 887.0
906.0 903.0
963.0 893.0
942.0 889.0
868.0 926.0
921.0 886.0
877.0 802.0
894.0 883.0
927.0 851.0
824.0 840.0
893.0 939.0
905.0 886.0
964.0 926.0
983.0 889.0
987.0 913.0
1012.0 990.0
1038.0 968.0
984.0 963.0
1022.0 1018.0
1016.0 988.0
1058.0 1033.0
1075.0 982.0
1124.0 1087.0
1074.0 1113.0
1160.0 1167.0
1188.0 1156.0
1214.0 1174.0
1207.0 1247.0
1289.0 1294.0
1250.0 1304.0
1292.0 1323.0
1372.0 1263.0
1338.0 1314.0
1363.0 1411.0
1402.0 1461.0
1434.0 1322.0
1424.0 1458.0
1503.0 1332.0
1421.0 1503.0
1474.0 1490.0
1545.0 1538.0
1533.0 1522.0
1492.0 1503.0
1552.0 1558.0
1522.0 1539.0
1586.0 1474.0
1565.0 1578.0
1557.0 1592.0
1585.0 1578.0
1586.0 1544.0
1633.0 1609.0
1550.0 1512.0
1565.0 1637.0
1613.0 1563.0
1545.0 1636.0
1592.0 1529.0
1558.0 1587.0
1472.0 1493.0
1582.0 1638.0
1579.0 1603.0
1584.0 1566.0
1576.0 1562.0
1650.0 1596.0
1578.0 1628.0
1546.0 1641.0
1545.0 1611.0
1558.0 1585.0
1604.0 1574.0
1634.0 1563.0
1515.0 1602.0
1539.0 1575.0
1584.0 1531.0
1564.0 1599.0
1595.0 1576.0
1598.0 1521.0
1551.0 1531.0
1575.0 1598.0
1581.0 1534.0
1591.0 1570.0
