%Scan start date and time: 23/02/2021 4:37:34 PM
%Scan end date and time: 23/02/2021 5:49:47 PM
%Sample Z (um): 1249.960000
%Initial X (um): -197.000000
%Initial Y (um): -110.500000
%Scan size X (um): 1.000000
%Scan size Y (um): 160.000000
%Number of X pixels: 2
%Number of Y pixels: 800
%Step size X (um): 0.500000
%Step size Y (um): 0.200000
%Final position X (um): -197.000000
%Final position Y (um): -270.300000
%Detector read time (ms): 1500
%Detector wait time (ms): 1000
%Scan cancelled: No
%Scan comments: OPERATOR: Bergin, Hatchwell DETECTOR: Emission 1100 uA, filament 2, delta m -100.0%, discriminator -4.0%, multiplier 2750V, electron energy 49V. SETTINGS: 200 bar, 296 Kelvin, 17.0 mm, 200 um skimmer, 3D printed pinhole plate. STICK: Resolution test sample. SCAN: Vertical line scan of larger slit set at z=1250 

 1984.0 2054.0
2024.0 1959.0
2101.0 2025.0
2111.0 1974.0
2005.0 2080.0
2115.0 2064.0
2115.0 2018.0
2099.0 1994.0
2043.0 2035.0
2016.0 2129.0
2017.0 2180.0
2084.0 2044.0
2072.0 2014.0
2064.0 2020.0
2032.0 2033.0
2086.0 2094.0
2025.0 2012.0
2055.0 2003.0
2024.0 2141.0
2142.0 2088.0
2060.0 2110.0
2149.0 2132.0
2033.0 1986.0
2036.0 2062.0
2033.0 1937.0
2028.0 2017.0
1986.0 2109.0
1995.0 2114.0
2099.0 2048.0
2012.0 2060.0
2047.0 2074.0
2091.0 2084.0
1983.0 2028.0
2019.0 2045.0
2050.0 2058.0
2022.0 2048.0
2124.0 2076.0
2054.0 2102.0
2013.0 1976.0
2001.0 2055.0
2038.0 2109.0
2057.0 2004.0
2000.0 1990.0
2033.0 1952.0
1987.0 2067.0
2009.0 2010.0
2011.0 1980.0
1985.0 1953.0
1932.0 1926.0
1907.0 1947.0
1979.0 1906.0
1997.0 1872.0
1916.0 1886.0
1900.0 1980.0
1856.0 1789.0
1851.0 1821.0
1780.0 1844.0
1810.0 1715.0
1704.0 1736.0
1790.0 1776.0
1717.0 1780.0
1733.0 1655.0
1649.0 1602.0
1567.0 1701.0
1565.0 1615.0
1656.0 1587.0
1495.0 1584.0
1505.0 1534.0
1434.0 1593.0
1475.0 1422.0
1482.0 1401.0
1365.0 1361.0
1368.0 1398.0
1346.0 1327.0
1255.0 1287.0
1320.0 1302.0
1254.0 1262.0
1184.0 1164.0
1211.0 1153.0
1173.0 1155.0
1131.0 1127.0
1049.0 1153.0
1055.0 1099.0
1079.0 972.0
982.0 1064.0
998.0 977.0
948.0 1046.0
940.0 926.0
920.0 911.0
942.0 924.0
910.0 903.0
853.0 898.0
803.0 851.0
794.0 801.0
805.0 824.0
827.0 774.0
825.0 814.0
815.0 759.0
746.0 792.0
745.0 809.0
796.0 778.0
759.0 769.0
804.0 755.0
718.0 731.0
706.0 726.0
741.0 752.0
747.0 763.0
737.0 718.0
697.0 702.0
759.0 692.0
733.0 702.0
733.0 690.0
754.0 781.0
786.0 791.0
736.0 722.0
765.0 741.0
770.0 760.0
805.0 828.0
673.0 755.0
804.0 760.0
756.0 800.0
743.0 824.0
791.0 785.0
804.0 820.0
832.0 834.0
892.0 781.0
847.0 871.0
874.0 914.0
901.0 888.0
922.0 897.0
949.0 922.0
960.0 1019.0
1018.0 938.0
1019.0 998.0
1064.0 1081.0
1008.0 1058.0
1069.0 1126.0
1156.0 1142.0
1167.0 1178.0
1183.0 1194.0
1235.0 1267.0
1264.0 1220.0
1221.0 1253.0
1259.0 1251.0
1278.0 1285.0
1297.0 1359.0
1387.0 1361.0
1367.0 1341.0
1418.0 1413.0
1470.0 1409.0
1506.0 1473.0
1556.0 1531.0
1628.0 1546.0
1560.0 1546.0
1624.0 1615.0
1614.0 1593.0
1690.0 1665.0
1691.0 1706.0
1760.0 1762.0
1646.0 1698.0
1767.0 1835.0
1786.0 1857.0
1856.0 1791.0
1805.0 1804.0
1876.0 1810.0
1872.0 1828.0
1946.0 1987.0
2013.0 1981.0
1977.0 1979.0
1880.0 1935.0
2003.0 1940.0
1962.0 2096.0
2035.0 2024.0
1994.0 2013.0
2048.0 1946.0
2047.0 1975.0
1948.0 1895.0
2034.0 2030.0
2019.0 1981.0
1987.0 1954.0
1944.0 1936.0
1944.0 1995.0
2090.0 2089.0
2078.0 2058.0
2066.0 2045.0
1975.0 2056.0
2093.0 2014.0
2045.0 2052.0
2057.0 2048.0
2039.0 1942.0
2097.0 1992.0
1961.0 1999.0
1994.0 1917.0
2049.0 1993.0
1947.0 1924.0
1989.0 1941.0
1949.0 1953.0
1933.0 1952.0
1998.0 1876.0
1931.0 2002.0
1857.0 1916.0
1920.0 1953.0
1922.0 1817.0
1868.0 1842.0
1878.0 1901.0
1875.0 1825.0
1816.0 1764.0
1756.0 1705.0
1733.0 1803.0
1688.0 1683.0
1705.0 1663.0
1729.0 1659.0
1687.0 1513.0
1605.0 1671.0
1553.0 1535.0
1565.0 1539.0
1501.0 1476.0
1489.0 1591.0
1469.0 1569.0
1502.0 1468.0
1465.0 1391.0
1385.0 1390.0
1419.0 1371.0
1315.0 1334.0
1320.0 1324.0
1324.0 1288.0
1289.0 1216.0
1222.0 1181.0
1176.0 1188.0
1150.0 1165.0
1146.0 1089.0
1120.0 1123.0
1088.0 1121.0
1058.0 1031.0
1002.0 1065.0
1031.0 989.0
952.0 1046.0
991.0 939.0
928.0 904.0
908.0 846.0
914.0 920.0
888.0 910.0
866.0 852.0
851.0 834.0
835.0 846.0
819.0 830.0
812.0 881.0
760.0 811.0
710.0 772.0
771.0 770.0
805.0 802.0
746.0 801.0
797.0 726.0
719.0 768.0
815.0 738.0
753.0 799.0
759.0 729.0
762.0 778.0
742.0 738.0
731.0 743.0
748.0 774.0
676.0 731.0
741.0 742.0
705.0 775.0
812.0 736.0
782.0 741.0
763.0 751.0
741.0 784.0
754.0 836.0
821.0 777.0
793.0 774.0
803.0 804.0
827.0 809.0
865.0 778.0
831.0 833.0
836.0 875.0
905.0 865.0
892.0 850.0
909.0 972.0
935.0 888.0
981.0 979.0
986.0 1011.0
959.0 942.0
1060.0 1038.0
1036.0 1024.0
1025.0 1130.0
1136.0 1111.0
1210.0 1176.0
1206.0 1191.0
1176.0 1132.0
1221.0 1180.0
1265.0 1266.0
1300.0 1206.0
1304.0 1264.0
1302.0 1326.0
1383.0 1324.0
1342.0 1423.0
1465.0 1446.0
1356.0 1306.0
1435.0 1472.0
1483.0 1470.0
1483.0 1517.0
1537.0 1644.0
1569.0 1538.0
1607.0 1639.0
1603.0 1613.0
1648.0 1672.0
1647.0 1676.0
1652.0 1739.0
1695.0 1806.0
1750.0 1749.0
1787.0 1773.0
1818.0 1818.0
1689.0 1862.0
1801.0 1868.0
1876.0 1874.0
1890.0 1854.0
1969.0 1902.0
1890.0 1925.0
1913.0 1956.0
1898.0 2029.0
1967.0 1991.0
1908.0 1971.0
1966.0 1964.0
1955.0 1994.0
1967.0 1918.0
2049.0 2002.0
1983.0 2047.0
1944.0 2048.0
2062.0 1991.0
2044.0 2033.0
1967.0 2030.0
2085.0 1940.0
1980.0 1990.0
2071.0 1973.0
2036.0 1930.0
1953.0 2021.0
1938.0 2067.0
2069.0 2054.0
2125.0 2007.0
1971.0 2006.0
1962.0 1999.0
1923.0 2057.0
1979.0 1998.0
1983.0 2000.0
1916.0 1952.0
2011.0 2050.0
1944.0 2011.0
1998.0 2078.0
2064.0 1992.0
1966.0 1987.0
2021.0 1910.0
1981.0 1913.0
2025.0 1986.0
2025.0 1994.0
1951.0 1899.0
2007.0 1989.0
1972.0 2002.0
1940.0 2036.0
2041.0 1984.0
1949.0 1974.0
1974.0 1985.0
1988.0 1965.0
1956.0 2062.0
1971.0 1995.0
2035.0 1975.0
1944.0 1935.0
2007.0 2026.0
1983.0 2037.0
1991.0 2012.0
1949.0 1912.0
2020.0 1920.0
1955.0 1935.0
1940.0 1931.0
1836.0 1788.0
1811.0 1834.0
1882.0 1835.0
1833.0 1872.0
1768.0 1807.0
1736.0 1879.0
1842.0 1775.0
1766.0 1720.0
1729.0 1646.0
1710.0 1727.0
1705.0 1673.0
1709.0 1650.0
1621.0 1632.0
1618.0 1691.0
1651.0 1601.0
1563.0 1490.0
1553.0 1479.0
1483.0 1529.0
1584.0 1504.0
1540.0 1423.0
1474.0 1417.0
1442.0 1414.0
1387.0 1420.0
1418.0 1363.0
1348.0 1333.0
1329.0 1297.0
1297.0 1213.0
1340.0 1252.0
1279.0 1189.0
1180.0 1233.0
1122.0 1136.0
1174.0 1095.0
1098.0 1091.0
1081.0 1154.0
1053.0 1044.0
1048.0 1016.0
1005.0 1018.0
1037.0 1037.0
1042.0 1014.0
920.0 923.0
949.0 962.0
981.0 917.0
992.0 935.0
957.0 925.0
906.0 890.0
878.0 862.0
915.0 923.0
956.0 933.0
993.0 921.0
899.0 936.0
878.0 904.0
964.0 977.0
1000.0 972.0
933.0 936.0
927.0 981.0
1072.0 977.0
999.0 947.0
1009.0 976.0
1006.0 1079.0
1093.0 1125.0
1114.0 1031.0
1159.0 1135.0
1130.0 1118.0
1212.0 1143.0
1171.0 1142.0
1189.0 1197.0
1289.0 1265.0
1257.0 1209.0
1344.0 1302.0
1322.0 1358.0
1354.0 1442.0
1288.0 1406.0
1403.0 1381.0
1478.0 1378.0
1467.0 1442.0
1480.0 1454.0
1435.0 1490.0
1562.0 1457.0
1537.0 1515.0
1581.0 1518.0
1643.0 1590.0
1646.0 1645.0
1645.0 1665.0
1648.0 1684.0
1731.0 1669.0
1690.0 1757.0
1757.0 1742.0
1751.0 1869.0
1842.0 1667.0
1796.0 1826.0
1871.0 1818.0
1901.0 1778.0
1857.0 1904.0
1822.0 1840.0
1868.0 1918.0
1834.0 1871.0
1927.0 1877.0
1846.0 1932.0
1850.0 1897.0
1857.0 1837.0
1809.0 1849.0
1786.0 1876.0
1870.0 1864.0
1791.0 1790.0
1828.0 1721.0
1815.0 1792.0
1767.0 1788.0
1797.0 1787.0
1757.0 1817.0
1591.0 1766.0
1641.0 1586.0
1659.0 1676.0
1571.0 1652.0
1679.0 1599.0
1645.0 1582.0
1563.0 1637.0
1622.0 1549.0
1548.0 1559.0
1509.0 1546.0
1472.0 1471.0
1492.0 1441.0
1446.0 1391.0
1464.0 1419.0
1381.0 1413.0
1341.0 1312.0
1351.0 1278.0
1399.0 1291.0
1309.0 1226.0
1316.0 1261.0
1273.0 1247.0
1228.0 1187.0
1151.0 1161.0
1150.0 1112.0
1125.0 1174.0
1120.0 1187.0
1133.0 1078.0
1081.0 1120.0
1080.0 982.0
1096.0 996.0
974.0 998.0
950.0 1021.0
1035.0 915.0
1019.0 1019.0
1062.0 978.0
977.0 979.0
1055.0 948.0
1054.0 947.0
934.0 947.0
963.0 962.0
975.0 950.0
968.0 966.0
1068.0 926.0
1041.0 1005.0
1016.0 999.0
1044.0 1020.0
1032.0 998.0
1110.0 1073.0
1059.0 1058.0
1122.0 1081.0
1173.0 1072.0
1109.0 1112.0
1119.0 1151.0
1215.0 1161.0
1315.0 1225.0
1270.0 1216.0
1337.0 1205.0
1243.0 1263.0
1302.0 1258.0
1335.0 1339.0
1356.0 1346.0
1344.0 1362.0
1485.0 1379.0
1518.0 1376.0
1394.0 1418.0
1480.0 1469.0
1504.0 1497.0
1476.0 1549.0
1514.0 1632.0
1576.0 1527.0
1648.0 1610.0
1623.0 1627.0
1711.0 1626.0
1612.0 1705.0
1647.0 1712.0
1729.0 1694.0
1691.0 1760.0
1713.0 1694.0
1778.0 1816.0
1748.0 1787.0
1865.0 1816.0
1878.0 1722.0
1848.0 1868.0
1900.0 1934.0
1928.0 1972.0
1968.0 1872.0
1795.0 1859.0
1992.0 1911.0
1878.0 1942.0
2043.0 1927.0
1963.0 2007.0
1958.0 1965.0
1970.0 1955.0
1983.0 1975.0
1901.0 1977.0
1974.0 2055.0
1993.0 1912.0
2074.0 2082.0
2029.0 1910.0
1967.0 2094.0
2103.0 1952.0
1907.0 1989.0
1952.0 1904.0
1975.0 2028.0
1989.0 2000.0
1984.0 2054.0
1979.0 2037.0
2030.0 2032.0
2035.0 1995.0
1982.0 1970.0
1938.0 1933.0
1977.0 1974.0
2029.0 1983.0
2057.0 2010.0
2107.0 1973.0
2056.0 1961.0
2066.0 2043.0
1986.0 1985.0
2003.0 2044.0
1956.0 1980.0
1975.0 1985.0
1964.0 2003.0
2027.0 2030.0
1967.0 2014.0
2023.0 1961.0
1999.0 1992.0
2000.0 1990.0
2064.0 2008.0
1966.0 1932.0
1899.0 2032.0
1951.0 1972.0
2009.0 1971.0
2019.0 2016.0
1996.0 1925.0
2028.0 2103.0
1921.0 1971.0
1967.0 1945.0
1945.0 1843.0
1933.0 1941.0
1958.0 1892.0
1986.0 1908.0
1914.0 1875.0
1882.0 1897.0
1886.0 1898.0
1843.0 1783.0
1794.0 1860.0
1858.0 1827.0
1827.0 1824.0
1728.0 1748.0
1879.0 1753.0
1807.0 1857.0
1683.0 1690.0
1718.0 1620.0
1624.0 1703.0
1700.0 1660.0
1649.0 1595.0
1608.0 1586.0
1496.0 1626.0
1610.0 1582.0
1690.0 1598.0
1550.0 1428.0
1491.0 1530.0
1536.0 1461.0
1403.0 1468.0
1363.0 1448.0
1545.0 1341.0
1401.0 1423.0
1357.0 1373.0
1377.0 1312.0
1333.0 1309.0
1325.0 1377.0
1284.0 1281.0
1275.0 1235.0
1250.0 1344.0
1256.0 1238.0
1262.0 1215.0
1264.0 1207.0
1203.0 1208.0
1200.0 1198.0
1244.0 1143.0
1246.0 1163.0
1237.0 1141.0
1185.0 1110.0
1165.0 1147.0
1207.0 1192.0
1180.0 1153.0
1171.0 1133.0
1255.0 1145.0
1218.0 1190.0
1236.0 1159.0
1227.0 1260.0
1290.0 1253.0
1271.0 1218.0
1321.0 1203.0
1282.0 1236.0
1350.0 1324.0
1260.0 1261.0
1321.0 1337.0
1369.0 1380.0
1416.0 1441.0
1331.0 1461.0
1424.0 1366.0
1442.0 1393.0
1531.0 1389.0
1510.0 1469.0
1510.0 1531.0
1541.0 1500.0
1528.0 1591.0
1603.0 1617.0
1587.0 1631.0
1652.0 1666.0
1653.0 1624.0
1631.0 1608.0
1616.0 1646.0
1768.0 1665.0
1727.0 1695.0
1662.0 1738.0
1721.0 1773.0
1746.0 1704.0
1742.0 1799.0
1841.0 1748.0
1719.0 1811.0
1809.0 1676.0
1778.0 1749.0
1859.0 1780.0
1769.0 1837.0
1799.0 1774.0
1789.0 1764.0
1718.0 1785.0
1687.0 1668.0
1805.0 1730.0
1652.0 1716.0
1671.0 1671.0
1763.0 1657.0
1728.0 1682.0
1664.0 1705.0
1621.0 1562.0
1641.0 1570.0
1613.0 1518.0
1531.0 1594.0
1725.0 1526.0
1600.0 1525.0
1516.0 1500.0
1500.0 1477.0
1555.0 1503.0
1493.0 1459.0
1456.0 1501.0
1377.0 1432.0
1396.0 1384.0
1389.0 1372.0
1366.0 1370.0
1405.0 1297.0
1265.0 1326.0
1290.0 1236.0
1312.0 1301.0
1348.0 1279.0
1267.0 1296.0
1291.0 1314.0
1299.0 1194.0
1236.0 1180.0
1173.0 1192.0
1332.0 1269.0
1223.0 1161.0
1256.0 1311.0
1279.0 1186.0
1216.0 1198.0
1251.0 1269.0
1245.0 1213.0
1261.0 1288.0
1234.0 1291.0
1258.0 1252.0
1293.0 1296.0
1358.0 1234.0
1366.0 1282.0
1369.0 1338.0
1421.0 1319.0
1435.0 1391.0
1405.0 1397.0
1416.0 1378.0
1439.0 1413.0
1438.0 1486.0
1523.0 1426.0
1556.0 1464.0
1531.0 1517.0
1557.0 1497.0
1602.0 1476.0
1584.0 1573.0
1605.0 1635.0
1604.0 1649.0
1640.0 1631.0
1705.0 1627.0
1752.0 1756.0
1767.0 1711.0
1734.0 1697.0
1759.0 1706.0
1762.0 1793.0
1796.0 1774.0
1816.0 1886.0
1776.0 1827.0
1821.0 1868.0
1848.0 1846.0
1858.0 1901.0
1858.0 1808.0
1871.0 1938.0
1902.0 1882.0
1906.0 1918.0
1907.0 1957.0
1937.0 1931.0
1977.0 1930.0
1960.0 1913.0
2026.0 1989.0
2083.0 1981.0
1997.0 2070.0
1970.0 1937.0
1963.0 2004.0
1932.0 1986.0
1970.0 1976.0
