%Scan start date and time: 23/02/2021 3:22:58 PM
%Scan end date and time: 23/02/2021 4:35:10 PM
%Sample Z (um): 1749.949000
%Initial X (um): -702.000000
%Initial Y (um): -116.500000
%Scan size X (um): 1.000000
%Scan size Y (um): 160.000000
%Number of X pixels: 2
%Number of Y pixels: 800
%Step size X (um): 0.500000
%Step size Y (um): 0.200000
%Final position X (um): -702.000000
%Final position Y (um): -276.300000
%Detector read time (ms): 1500
%Detector wait time (ms): 1000
%Scan cancelled: No
%Scan comments: OPERATOR: Bergin, Hatchwell DETECTOR: Emission 1100 uA, filament 2, delta m -100.0%, discriminator -4.0%, multiplier 2750V, electron energy 49V. SETTINGS: 200 bar, 296 Kelvin, 17.0 mm, 200 um skimmer, 3D printed pinhole plate. STICK: Resolution test sample. SCAN: Vertical line scan of larger slit set at z=1750 

 1941.0 1998.0
1955.0 1954.0
1953.0 1922.0
1976.0 1936.0
1952.0 2017.0
1960.0 1998.0
1977.0 1985.0
1985.0 1935.0
1997.0 1985.0
1922.0 2016.0
1973.0 2017.0
1941.0 1937.0
1985.0 1932.0
2046.0 1943.0
2037.0 2010.0
2087.0 2007.0
1986.0 1993.0
2010.0 1943.0
2006.0 1905.0
2011.0 1981.0
1989.0 1918.0
2055.0 1939.0
1955.0 1947.0
1944.0 1983.0
1906.0 1895.0
2012.0 1990.0
2001.0 1916.0
1985.0 1904.0
1993.0 1941.0
1887.0 1956.0
2090.0 1920.0
2041.0 2036.0
1907.0 1939.0
1885.0 1948.0
1965.0 1974.0
1881.0 1913.0
1923.0 2025.0
1983.0 1961.0
1948.0 1865.0
1963.0 1909.0
1932.0 1972.0
1995.0 1951.0
1946.0 1893.0
1985.0 1921.0
1972.0 1934.0
1936.0 2010.0
1938.0 1950.0
1908.0 1919.0
1896.0 1845.0
1884.0 1884.0
1899.0 1934.0
1802.0 1853.0
1839.0 1910.0
1874.0 1817.0
1812.0 1835.0
1837.0 1843.0
1807.0 1783.0
1797.0 1796.0
1844.0 1740.0
1750.0 1752.0
1719.0 1806.0
1664.0 1622.0
1661.0 1616.0
1639.0 1697.0
1626.0 1672.0
1529.0 1517.0
1569.0 1530.0
1498.0 1503.0
1603.0 1476.0
1455.0 1387.0
1490.0 1475.0
1383.0 1420.0
1321.0 1411.0
1361.0 1210.0
1275.0 1252.0
1225.0 1295.0
1234.0 1274.0
1201.0 1228.0
1139.0 1170.0
1142.0 1107.0
1097.0 1058.0
1034.0 1134.0
930.0 1047.0
1024.0 955.0
1032.0 940.0
950.0 941.0
909.0 917.0
897.0 859.0
857.0 895.0
889.0 899.0
823.0 852.0
848.0 793.0
758.0 791.0
769.0 801.0
787.0 747.0
770.0 788.0
735.0 697.0
752.0 745.0
718.0 738.0
705.0 756.0
738.0 727.0
716.0 676.0
726.0 718.0
718.0 678.0
726.0 736.0
678.0 695.0
715.0 742.0
713.0 700.0
748.0 725.0
743.0 720.0
689.0 714.0
716.0 733.0
740.0 727.0
773.0 689.0
695.0 725.0
661.0 706.0
759.0 725.0
741.0 713.0
703.0 766.0
702.0 710.0
738.0 729.0
738.0 745.0
723.0 764.0
771.0 737.0
764.0 752.0
754.0 792.0
743.0 785.0
778.0 753.0
816.0 762.0
805.0 822.0
825.0 792.0
832.0 826.0
903.0 822.0
896.0 916.0
962.0 902.0
989.0 984.0
997.0 961.0
1027.0 1040.0
1090.0 1102.0
1089.0 1046.0
1083.0 1050.0
1109.0 1144.0
1159.0 1173.0
1169.0 1140.0
1199.0 1195.0
1212.0 1285.0
1233.0 1287.0
1345.0 1299.0
1281.0 1357.0
1365.0 1392.0
1511.0 1407.0
1484.0 1444.0
1549.0 1560.0
1556.0 1451.0
1592.0 1545.0
1577.0 1521.0
1610.0 1647.0
1647.0 1596.0
1692.0 1675.0
1685.0 1739.0
1661.0 1703.0
1704.0 1778.0
1709.0 1737.0
1799.0 1815.0
1857.0 1727.0
1813.0 1761.0
1806.0 1876.0
1861.0 1885.0
1849.0 1831.0
1914.0 1970.0
1918.0 1835.0
1875.0 1914.0
1899.0 1891.0
1903.0 1866.0
1953.0 1869.0
1941.0 1899.0
1986.0 1940.0
1912.0 1943.0
1956.0 1926.0
1954.0 1957.0
1977.0 1942.0
1976.0 1988.0
1946.0 1897.0
1934.0 1987.0
1977.0 1891.0
1908.0 1910.0
1971.0 1947.0
1981.0 1961.0
1975.0 1809.0
1963.0 1983.0
1967.0 1978.0
1992.0 1917.0
1941.0 1901.0
1904.0 1869.0
1995.0 1945.0
1931.0 1905.0
1965.0 1913.0
1981.0 1777.0
1934.0 1916.0
1880.0 1998.0
1889.0 1903.0
1752.0 1842.0
1801.0 1802.0
1863.0 1846.0
1761.0 1833.0
1852.0 1822.0
1760.0 1784.0
1795.0 1723.0
1765.0 1683.0
1671.0 1720.0
1677.0 1689.0
1719.0 1658.0
1637.0 1655.0
1635.0 1674.0
1583.0 1557.0
1565.0 1602.0
1542.0 1471.0
1510.0 1548.0
1424.0 1486.0
1379.0 1458.0
1366.0 1464.0
1387.0 1378.0
1334.0 1339.0
1321.0 1320.0
1203.0 1205.0
1296.0 1262.0
1196.0 1159.0
1182.0 1109.0
1183.0 1130.0
1070.0 1128.0
1065.0 1117.0
1118.0 1037.0
978.0 1004.0
945.0 1056.0
944.0 991.0
962.0 933.0
913.0 986.0
867.0 912.0
920.0 888.0
859.0 860.0
832.0 828.0
819.0 843.0
773.0 773.0
781.0 805.0
786.0 743.0
783.0 759.0
716.0 786.0
767.0 728.0
731.0 726.0
761.0 713.0
654.0 729.0
736.0 724.0
760.0 712.0
685.0 733.0
696.0 711.0
745.0 725.0
719.0 690.0
730.0 672.0
755.0 750.0
730.0 744.0
719.0 713.0
734.0 734.0
732.0 754.0
738.0 711.0
703.0 751.0
737.0 746.0
680.0 709.0
710.0 770.0
718.0 757.0
754.0 701.0
754.0 744.0
729.0 753.0
774.0 731.0
728.0 776.0
769.0 748.0
792.0 825.0
787.0 822.0
835.0 780.0
786.0 775.0
792.0 840.0
857.0 854.0
880.0 856.0
915.0 858.0
927.0 905.0
911.0 901.0
917.0 913.0
986.0 936.0
1005.0 983.0
1024.0 1062.0
1044.0 1029.0
1061.0 1117.0
1134.0 1140.0
1118.0 1117.0
1137.0 1158.0
1193.0 1224.0
1211.0 1197.0
1316.0 1273.0
1298.0 1240.0
1308.0 1384.0
1381.0 1340.0
1394.0 1407.0
1435.0 1384.0
1475.0 1477.0
1473.0 1431.0
1461.0 1481.0
1517.0 1469.0
1555.0 1520.0
1602.0 1630.0
1553.0 1608.0
1705.0 1687.0
1667.0 1737.0
1704.0 1743.0
1689.0 1685.0
1794.0 1723.0
1710.0 1800.0
1817.0 1734.0
1882.0 1775.0
1827.0 1812.0
1774.0 1835.0
1877.0 1758.0
1804.0 1803.0
1860.0 1821.0
1805.0 1833.0
1912.0 1906.0
1966.0 1921.0
1878.0 1804.0
1941.0 1869.0
1840.0 1889.0
1892.0 1929.0
1852.0 1869.0
1871.0 1882.0
1854.0 1944.0
1889.0 1881.0
1933.0 1911.0
1918.0 1845.0
1939.0 1931.0
1869.0 1864.0
1816.0 1869.0
1886.0 1943.0
1863.0 1938.0
1875.0 1869.0
1866.0 1953.0
1814.0 1921.0
1868.0 1885.0
1961.0 1903.0
1889.0 1978.0
1893.0 1955.0
1925.0 1897.0
1869.0 1909.0
1888.0 1871.0
1880.0 1826.0
1783.0 1920.0
1759.0 1876.0
1903.0 1967.0
1920.0 1878.0
1930.0 1916.0
1887.0 1876.0
1879.0 1745.0
1872.0 1903.0
1909.0 1933.0
1977.0 1865.0
1882.0 1841.0
1871.0 1879.0
1833.0 1873.0
1897.0 1954.0
1882.0 1804.0
1894.0 1901.0
1890.0 1866.0
1806.0 1817.0
1889.0 1918.0
1972.0 1900.0
1900.0 1870.0
1803.0 1857.0
1929.0 1877.0
1897.0 1869.0
1926.0 1823.0
1813.0 1871.0
1824.0 1752.0
1869.0 1726.0
1806.0 1799.0
1696.0 1757.0
1773.0 1749.0
1761.0 1701.0
1745.0 1754.0
1639.0 1627.0
1657.0 1567.0
1648.0 1642.0
1637.0 1504.0
1576.0 1532.0
1554.0 1607.0
1493.0 1474.0
1537.0 1504.0
1401.0 1459.0
1450.0 1435.0
1429.0 1454.0
1331.0 1350.0
1327.0 1324.0
1360.0 1308.0
1268.0 1223.0
1219.0 1277.0
1225.0 1182.0
1196.0 1200.0
1194.0 1184.0
1097.0 1141.0
1089.0 1076.0
1096.0 1041.0
980.0 1037.0
1010.0 1020.0
1006.0 982.0
973.0 960.0
945.0 922.0
941.0 930.0
879.0 934.0
903.0 879.0
853.0 876.0
806.0 840.0
842.0 876.0
799.0 762.0
848.0 821.0
815.0 830.0
858.0 823.0
807.0 868.0
787.0 769.0
828.0 803.0
828.0 817.0
803.0 797.0
757.0 785.0
861.0 783.0
809.0 791.0
890.0 831.0
845.0 824.0
890.0 841.0
876.0 867.0
981.0 841.0
953.0 900.0
1004.0 960.0
983.0 984.0
1020.0 1021.0
930.0 1058.0
1088.0 992.0
1117.0 1058.0
1155.0 1116.0
1186.0 1163.0
1163.0 1153.0
1196.0 1192.0
1289.0 1170.0
1240.0 1263.0
1346.0 1306.0
1286.0 1306.0
1302.0 1451.0
1427.0 1381.0
1467.0 1415.0
1464.0 1408.0
1429.0 1462.0
1506.0 1499.0
1612.0 1525.0
1575.0 1569.0
1555.0 1625.0
1608.0 1664.0
1609.0 1639.0
1635.0 1679.0
1643.0 1762.0
1779.0 1704.0
1677.0 1731.0
1799.0 1841.0
1762.0 1836.0
1759.0 1823.0
1804.0 1761.0
1870.0 1748.0
1812.0 1826.0
1818.0 1826.0
1879.0 1762.0
1790.0 1805.0
1897.0 1825.0
1794.0 1766.0
1770.0 1809.0
1839.0 1780.0
1803.0 1745.0
1841.0 1798.0
1755.0 1699.0
1820.0 1727.0
1768.0 1737.0
1827.0 1715.0
1679.0 1637.0
1631.0 1750.0
1712.0 1593.0
1606.0 1610.0
1594.0 1680.0
1553.0 1511.0
1496.0 1589.0
1544.0 1532.0
1524.0 1555.0
1526.0 1461.0
1332.0 1500.0
1434.0 1420.0
1411.0 1386.0
1320.0 1335.0
1339.0 1320.0
1250.0 1341.0
1260.0 1207.0
1231.0 1272.0
1205.0 1288.0
1217.0 1137.0
1137.0 1130.0
1087.0 1170.0
1099.0 1062.0
1046.0 1049.0
1052.0 1053.0
1038.0 1006.0
995.0 1025.0
1001.0 908.0
952.0 945.0
873.0 878.0
899.0 912.0
877.0 905.0
827.0 892.0
814.0 848.0
895.0 826.0
816.0 810.0
814.0 819.0
790.0 777.0
854.0 844.0
791.0 780.0
775.0 835.0
828.0 813.0
823.0 811.0
802.0 844.0
859.0 825.0
903.0 829.0
862.0 879.0
899.0 861.0
900.0 898.0
945.0 931.0
909.0 959.0
992.0 925.0
1037.0 997.0
1029.0 1003.0
1040.0 1032.0
1075.0 1056.0
1124.0 1038.0
1154.0 1169.0
1178.0 1072.0
1203.0 1209.0
1226.0 1150.0
1263.0 1243.0
1279.0 1313.0
1326.0 1350.0
1317.0 1276.0
1291.0 1253.0
1330.0 1376.0
1426.0 1369.0
1417.0 1473.0
1445.0 1458.0
1554.0 1554.0
1532.0 1554.0
1547.0 1546.0
1609.0 1595.0
1592.0 1643.0
1604.0 1674.0
1748.0 1614.0
1693.0 1664.0
1662.0 1723.0
1670.0 1653.0
1680.0 1749.0
1738.0 1729.0
1723.0 1696.0
1719.0 1729.0
1883.0 1785.0
1734.0 1812.0
1788.0 1813.0
1757.0 1805.0
1844.0 1821.0
1772.0 1857.0
1890.0 1856.0
1832.0 1858.0
1849.0 1884.0
1951.0 1800.0
1855.0 1883.0
1818.0 1922.0
1928.0 1870.0
1886.0 1833.0
1856.0 1797.0
1986.0 1960.0
1939.0 1935.0
1837.0 1884.0
1831.0 1901.0
1858.0 1956.0
1952.0 1887.0
1989.0 1851.0
1870.0 1903.0
1852.0 1888.0
1878.0 1983.0
1867.0 1906.0
1904.0 1833.0
1938.0 1871.0
1956.0 1890.0
1843.0 1844.0
1883.0 1829.0
1842.0 1840.0
1831.0 1881.0
1888.0 1884.0
1879.0 1941.0
1868.0 1862.0
1854.0 1916.0
1845.0 1795.0
1961.0 1780.0
1842.0 1844.0
1867.0 1850.0
1912.0 1949.0
1854.0 1792.0
1902.0 1801.0
1926.0 1944.0
1843.0 1875.0
1903.0 1901.0
1960.0 1874.0
1859.0 1915.0
1904.0 1888.0
1900.0 1885.0
1865.0 1888.0
1961.0 1872.0
1889.0 1834.0
1806.0 1878.0
1951.0 1851.0
1828.0 1878.0
1891.0 1803.0
1831.0 1749.0
1760.0 1799.0
1772.0 1715.0
1756.0 1794.0
1728.0 1735.0
1769.0 1727.0
1697.0 1818.0
1821.0 1681.0
1716.0 1765.0
1710.0 1710.0
1716.0 1661.0
1649.0 1700.0
1568.0 1677.0
1552.0 1616.0
1543.0 1593.0
1558.0 1441.0
1493.0 1530.0
1406.0 1440.0
1493.0 1543.0
1391.0 1455.0
1435.0 1373.0
1321.0 1359.0
1307.0 1340.0
1382.0 1307.0
1341.0 1357.0
1268.0 1291.0
1267.0 1178.0
1224.0 1188.0
1164.0 1224.0
1214.0 1137.0
1153.0 1132.0
1121.0 1094.0
1088.0 1042.0
1091.0 1091.0
1121.0 1125.0
1103.0 1048.0
1041.0 948.0
959.0 972.0
973.0 941.0
1016.0 928.0
967.0 979.0
1034.0 935.0
945.0 927.0
1061.0 911.0
1013.0 1008.0
994.0 936.0
1023.0 1015.0
1022.0 1001.0
1026.0 1025.0
1036.0 985.0
1077.0 1048.0
1105.0 1061.0
1015.0 1082.0
1120.0 1125.0
1185.0 1135.0
1177.0 1160.0
1114.0 1202.0
1248.0 1141.0
1239.0 1252.0
1259.0 1257.0
1287.0 1222.0
1275.0 1248.0
1389.0 1319.0
1420.0 1344.0
1398.0 1402.0
1348.0 1453.0
1513.0 1468.0
1492.0 1582.0
1529.0 1485.0
1586.0 1498.0
1593.0 1577.0
1607.0 1548.0
1569.0 1602.0
1675.0 1630.0
1721.0 1618.0
1698.0 1733.0
1593.0 1714.0
1627.0 1685.0
1769.0 1677.0
1689.0 1733.0
1770.0 1695.0
1755.0 1728.0
1698.0 1695.0
1790.0 1757.0
1768.0 1674.0
1737.0 1729.0
1716.0 1771.0
1695.0 1739.0
1711.0 1713.0
1692.0 1665.0
1667.0 1675.0
1633.0 1595.0
1642.0 1619.0
1657.0 1562.0
1602.0 1592.0
1546.0 1511.0
1545.0 1561.0
1486.0 1546.0
1490.0 1547.0
1533.0 1467.0
1465.0 1383.0
1397.0 1434.0
1469.0 1394.0
1345.0 1353.0
1388.0 1311.0
1275.0 1345.0
1292.0 1328.0
1193.0 1293.0
1249.0 1234.0
1228.0 1135.0
1197.0 1152.0
1210.0 1138.0
1211.0 1071.0
1158.0 1094.0
1110.0 1083.0
1137.0 1068.0
1089.0 1036.0
1096.0 1010.0
1039.0 1022.0
1063.0 997.0
1062.0 1082.0
1072.0 1057.0
1023.0 1017.0
1030.0 1047.0
1052.0 1019.0
1072.0 1048.0
1115.0 1021.0
1053.0 1137.0
1100.0 1078.0
1140.0 1086.0
1154.0 1144.0
1135.0 1122.0
1118.0 1155.0
1156.0 1163.0
1188.0 1185.0
1263.0 1173.0
1266.0 1191.0
1276.0 1267.0
1279.0 1231.0
1333.0 1283.0
1380.0 1363.0
1341.0 1345.0
1414.0 1432.0
1440.0 1391.0
1500.0 1396.0
1495.0 1446.0
1499.0 1493.0
1554.0 1504.0
1519.0 1606.0
1525.0 1611.0
1609.0 1602.0
1578.0 1660.0
1696.0 1702.0
1706.0 1706.0
1689.0 1652.0
1763.0 1702.0
1738.0 1752.0
1682.0 1789.0
1837.0 1718.0
1789.0 1877.0
1849.0 1783.0
1880.0 1703.0
1806.0 1829.0
1819.0 1769.0
1930.0 1841.0
1870.0 1881.0
1836.0 1822.0
1943.0 1829.0
1828.0 1956.0
1956.0 1822.0
1869.0 1892.0
1920.0 1896.0
1760.0 1865.0
1893.0 1890.0
1891.0 1917.0
