%Scan start date and time: 23/02/2021 1:54:03 PM
%Scan end date and time: 23/02/2021 3:06:16 PM
%Sample Z (um): 2249.963000
%Initial X (um): -1207.000000
%Initial Y (um): -122.500000
%Scan size X (um): 1.000000
%Scan size Y (um): 160.000000
%Number of X pixels: 2
%Number of Y pixels: 800
%Step size X (um): 0.500000
%Step size Y (um): 0.200000
%Final position X (um): -1207.000000
%Final position Y (um): -282.300000
%Detector read time (ms): 1500
%Detector wait time (ms): 1000
%Scan cancelled: No
%Scan comments: OPERATOR: Bergin, Hatchwell DETECTOR: Emission 1100 uA, filament 2, delta m -100.0%, discriminator -4.0%, multiplier 2750V, electron energy 49V. SETTINGS: 200 bar, 296 Kelvin, 17.0 mm, 200 um skimmer, 3D printed pinhole plate. STICK: Resolution test sample. SCAN: Vertical line scan of larger slit set at z=2250  

 1617.0 1622.0
1629.0 1674.0
1702.0 1599.0
1618.0 1640.0
1647.0 1583.0
1639.0 1619.0
1649.0 1683.0
1605.0 1643.0
1652.0 1644.0
1711.0 1590.0
1567.0 1660.0
1574.0 1608.0
1635.0 1624.0
1611.0 1660.0
1623.0 1586.0
1583.0 1576.0
1600.0 1551.0
1590.0 1556.0
1627.0 1632.0
1659.0 1643.0
1723.0 1645.0
1622.0 1598.0
1627.0 1573.0
1583.0 1559.0
1640.0 1644.0
1673.0 1607.0
1613.0 1516.0
1581.0 1630.0
1609.0 1655.0
1658.0 1609.0
1612.0 1671.0
1618.0 1623.0
1671.0 1547.0
1603.0 1551.0
1713.0 1621.0
1603.0 1621.0
1641.0 1625.0
1632.0 1683.0
1663.0 1674.0
1619.0 1714.0
1631.0 1628.0
1646.0 1649.0
1693.0 1661.0
1528.0 1570.0
1651.0 1613.0
1706.0 1520.0
1597.0 1531.0
1592.0 1563.0
1618.0 1579.0
1578.0 1565.0
1568.0 1652.0
1486.0 1695.0
1613.0 1728.0
1565.0 1549.0
1619.0 1589.0
1567.0 1547.0
1518.0 1599.0
1557.0 1600.0
1558.0 1546.0
1484.0 1570.0
1509.0 1498.0
1567.0 1484.0
1357.0 1422.0
1451.0 1480.0
1383.0 1368.0
1451.0 1367.0
1382.0 1399.0
1300.0 1353.0
1361.0 1349.0
1252.0 1309.0
1268.0 1248.0
1207.0 1264.0
1130.0 1141.0
1208.0 1165.0
1105.0 1152.0
1137.0 1154.0
1117.0 1056.0
1000.0 1048.0
987.0 1015.0
967.0 1004.0
954.0 962.0
897.0 940.0
912.0 994.0
845.0 820.0
883.0 838.0
817.0 853.0
844.0 832.0
769.0 791.0
812.0 784.0
756.0 744.0
772.0 797.0
753.0 725.0
785.0 789.0
738.0 745.0
712.0 725.0
683.0 748.0
697.0 679.0
702.0 694.0
688.0 691.0
729.0 695.0
699.0 687.0
711.0 688.0
708.0 708.0
707.0 742.0
690.0 639.0
687.0 659.0
698.0 696.0
670.0 737.0
685.0 717.0
688.0 709.0
676.0 738.0
709.0 707.0
699.0 696.0
745.0 710.0
654.0 672.0
681.0 679.0
731.0 767.0
719.0 642.0
702.0 726.0
692.0 650.0
658.0 692.0
676.0 668.0
714.0 688.0
712.0 648.0
723.0 677.0
695.0 686.0
742.0 677.0
669.0 691.0
674.0 723.0
726.0 737.0
674.0 704.0
766.0 796.0
726.0 713.0
764.0 762.0
848.0 767.0
789.0 795.0
828.0 825.0
810.0 784.0
823.0 878.0
817.0 789.0
828.0 910.0
914.0 929.0
950.0 926.0
954.0 962.0
1012.0 942.0
947.0 979.0
1006.0 1103.0
1110.0 1064.0
1047.0 1084.0
1138.0 1114.0
1159.0 1198.0
1262.0 1179.0
1244.0 1168.0
1220.0 1294.0
1299.0 1307.0
1265.0 1291.0
1311.0 1384.0
1389.0 1311.0
1387.0 1408.0
1454.0 1416.0
1436.0 1481.0
1422.0 1508.0
1492.0 1471.0
1539.0 1526.0
1519.0 1546.0
1570.0 1535.0
1556.0 1535.0
1504.0 1565.0
1551.0 1524.0
1589.0 1558.0
1583.0 1500.0
1572.0 1542.0
1621.0 1577.0
1553.0 1543.0
1628.0 1616.0
1645.0 1558.0
1646.0 1516.0
1657.0 1591.0
1632.0 1600.0
1587.0 1627.0
1517.0 1644.0
1555.0 1589.0
1606.0 1572.0
1589.0 1653.0
1541.0 1613.0
1578.0 1655.0
1559.0 1606.0
1656.0 1691.0
1564.0 1677.0
1584.0 1564.0
1668.0 1632.0
1577.0 1588.0
1532.0 1638.0
1606.0 1583.0
1563.0 1578.0
1593.0 1581.0
1587.0 1659.0
1617.0 1634.0
1645.0 1565.0
1652.0 1571.0
1572.0 1625.0
1569.0 1660.0
1596.0 1583.0
1529.0 1565.0
1543.0 1463.0
1667.0 1526.0
1489.0 1572.0
1561.0 1583.0
1555.0 1497.0
1547.0 1503.0
1431.0 1451.0
1445.0 1431.0
1497.0 1384.0
1402.0 1463.0
1380.0 1402.0
1397.0 1384.0
1338.0 1350.0
1346.0 1253.0
1298.0 1346.0
1305.0 1297.0
1232.0 1279.0
1304.0 1257.0
1161.0 1228.0
1199.0 1181.0
1123.0 1156.0
1163.0 1189.0
1129.0 1058.0
1063.0 1085.0
1083.0 1053.0
1023.0 1058.0
970.0 1011.0
925.0 935.0
960.0 965.0
894.0 906.0
861.0 847.0
846.0 819.0
790.0 857.0
850.0 852.0
791.0 811.0
742.0 782.0
756.0 767.0
727.0 771.0
734.0 699.0
734.0 697.0
710.0 685.0
690.0 721.0
670.0 719.0
688.0 724.0
729.0 667.0
748.0 709.0
709.0 767.0
759.0 663.0
718.0 699.0
683.0 659.0
719.0 722.0
691.0 673.0
640.0 719.0
747.0 732.0
725.0 728.0
649.0 631.0
724.0 661.0
710.0 687.0
664.0 696.0
693.0 658.0
667.0 701.0
704.0 667.0
671.0 763.0
673.0 635.0
724.0 766.0
700.0 629.0
738.0 723.0
636.0 721.0
726.0 699.0
669.0 785.0
682.0 731.0
698.0 662.0
739.0 732.0
741.0 715.0
690.0 716.0
693.0 727.0
728.0 752.0
715.0 706.0
713.0 761.0
728.0 771.0
760.0 725.0
723.0 759.0
773.0 791.0
780.0 793.0
812.0 835.0
815.0 812.0
895.0 857.0
883.0 859.0
876.0 887.0
924.0 912.0
1030.0 971.0
1006.0 1019.0
1038.0 988.0
1057.0 1033.0
1086.0 1055.0
1134.0 1093.0
1216.0 1136.0
1160.0 1168.0
1245.0 1175.0
1273.0 1186.0
1221.0 1314.0
1298.0 1357.0
1354.0 1339.0
1334.0 1363.0
1365.0 1384.0
1410.0 1397.0
1366.0 1379.0
1401.0 1455.0
1449.0 1417.0
1388.0 1408.0
1492.0 1452.0
1533.0 1408.0
1589.0 1519.0
1509.0 1450.0
1571.0 1603.0
1531.0 1588.0
1504.0 1473.0
1577.0 1547.0
1547.0 1587.0
1579.0 1522.0
1574.0 1535.0
1559.0 1551.0
1571.0 1493.0
1547.0 1552.0
1554.0 1562.0
1625.0 1590.0
1630.0 1609.0
1522.0 1587.0
1553.0 1585.0
1529.0 1532.0
1625.0 1490.0
1534.0 1524.0
1605.0 1558.0
1539.0 1573.0
1503.0 1602.0
1628.0 1531.0
1523.0 1595.0
1585.0 1540.0
1541.0 1644.0
1516.0 1513.0
1603.0 1554.0
1522.0 1484.0
1620.0 1597.0
1556.0 1580.0
1606.0 1551.0
1589.0 1490.0
1603.0 1512.0
1599.0 1541.0
1507.0 1618.0
1584.0 1575.0
1565.0 1478.0
1611.0 1551.0
1557.0 1475.0
1542.0 1502.0
1607.0 1620.0
1600.0 1608.0
1568.0 1656.0
1464.0 1606.0
1571.0 1529.0
1551.0 1558.0
1554.0 1586.0
1503.0 1609.0
1536.0 1497.0
1486.0 1496.0
1565.0 1578.0
1576.0 1589.0
1527.0 1604.0
1486.0 1542.0
1644.0 1558.0
1527.0 1595.0
1571.0 1482.0
1559.0 1541.0
1538.0 1512.0
1598.0 1516.0
1493.0 1534.0
1513.0 1534.0
1628.0 1578.0
1441.0 1473.0
1457.0 1428.0
1542.0 1495.0
1529.0 1490.0
1483.0 1378.0
1445.0 1440.0
1418.0 1367.0
1454.0 1419.0
1416.0 1366.0
1389.0 1298.0
1373.0 1336.0
1248.0 1336.0
1268.0 1339.0
1339.0 1218.0
1294.0 1261.0
1202.0 1162.0
1189.0 1197.0
1132.0 1178.0
1139.0 1167.0
1029.0 1142.0
1161.0 1043.0
1048.0 1030.0
968.0 985.0
1000.0 1000.0
896.0 962.0
943.0 941.0
949.0 867.0
916.0 894.0
856.0 827.0
809.0 887.0
844.0 805.0
797.0 766.0
812.0 834.0
735.0 763.0
711.0 780.0
774.0 757.0
724.0 735.0
737.0 689.0
742.0 708.0
713.0 720.0
685.0 701.0
675.0 705.0
715.0 717.0
676.0 691.0
724.0 703.0
711.0 708.0
695.0 695.0
709.0 732.0
733.0 685.0
758.0 664.0
717.0 773.0
773.0 718.0
741.0 754.0
811.0 801.0
774.0 784.0
816.0 832.0
825.0 808.0
787.0 843.0
819.0 861.0
860.0 905.0
903.0 880.0
886.0 990.0
966.0 887.0
946.0 966.0
972.0 994.0
1026.0 1030.0
1023.0 988.0
1079.0 1105.0
1063.0 1065.0
1111.0 1144.0
1115.0 1172.0
1166.0 1181.0
1259.0 1168.0
1252.0 1209.0
1279.0 1272.0
1247.0 1265.0
1331.0 1328.0
1397.0 1306.0
1397.0 1454.0
1354.0 1326.0
1420.0 1384.0
1388.0 1459.0
1454.0 1469.0
1460.0 1409.0
1463.0 1519.0
1429.0 1480.0
1470.0 1488.0
1444.0 1451.0
1479.0 1527.0
1520.0 1532.0
1512.0 1485.0
1531.0 1395.0
1501.0 1475.0
1521.0 1523.0
1537.0 1477.0
1551.0 1575.0
1475.0 1583.0
1548.0 1512.0
1539.0 1540.0
1460.0 1495.0
1483.0 1508.0
1482.0 1473.0
1453.0 1455.0
1501.0 1477.0
1514.0 1446.0
1429.0 1387.0
1437.0 1457.0
1417.0 1383.0
1326.0 1329.0
1303.0 1411.0
1380.0 1342.0
1287.0 1332.0
1305.0 1272.0
1258.0 1299.0
1194.0 1235.0
1196.0 1238.0
1166.0 1152.0
1220.0 1127.0
1110.0 1080.0
1121.0 1090.0
1044.0 1058.0
1022.0 1021.0
1044.0 1028.0
1001.0 965.0
976.0 938.0
956.0 890.0
890.0 926.0
926.0 907.0
846.0 861.0
837.0 880.0
837.0 790.0
790.0 830.0
766.0 809.0
739.0 784.0
705.0 740.0
721.0 719.0
757.0 685.0
748.0 722.0
720.0 730.0
726.0 735.0
735.0 749.0
675.0 673.0
709.0 719.0
684.0 682.0
731.0 683.0
687.0 707.0
732.0 751.0
706.0 701.0
657.0 717.0
727.0 738.0
767.0 731.0
751.0 772.0
724.0 716.0
730.0 760.0
789.0 751.0
837.0 809.0
799.0 830.0
873.0 787.0
896.0 868.0
859.0 852.0
973.0 888.0
955.0 901.0
993.0 949.0
1024.0 922.0
1018.0 973.0
1100.0 1038.0
1046.0 1002.0
1095.0 1093.0
1081.0 1103.0
1144.0 1166.0
1216.0 1151.0
1213.0 1155.0
1214.0 1190.0
1212.0 1265.0
1210.0 1272.0
1256.0 1268.0
1308.0 1336.0
1294.0 1408.0
1418.0 1405.0
1395.0 1264.0
1434.0 1489.0
1374.0 1421.0
1429.0 1423.0
1490.0 1437.0
1493.0 1470.0
1493.0 1483.0
1533.0 1524.0
1461.0 1466.0
1518.0 1553.0
1481.0 1536.0
1591.0 1539.0
1496.0 1554.0
1563.0 1526.0
1463.0 1550.0
1574.0 1562.0
1554.0 1483.0
1554.0 1504.0
1532.0 1494.0
1547.0 1559.0
1497.0 1564.0
1520.0 1492.0
1493.0 1466.0
1532.0 1539.0
1522.0 1615.0
1525.0 1558.0
1533.0 1547.0
1588.0 1502.0
1585.0 1539.0
1537.0 1449.0
1526.0 1600.0
1503.0 1551.0
1608.0 1579.0
1559.0 1485.0
1561.0 1509.0
1571.0 1566.0
1590.0 1558.0
1503.0 1523.0
1572.0 1587.0
1510.0 1484.0
1473.0 1637.0
1527.0 1563.0
1518.0 1585.0
1606.0 1469.0
1519.0 1537.0
1452.0 1513.0
1491.0 1539.0
1482.0 1511.0
1526.0 1503.0
1559.0 1562.0
1614.0 1541.0
1475.0 1486.0
1548.0 1560.0
1502.0 1472.0
1441.0 1402.0
1610.0 1561.0
1527.0 1622.0
1617.0 1580.0
1615.0 1546.0
1548.0 1556.0
1536.0 1540.0
1481.0 1550.0
1543.0 1582.0
1535.0 1512.0
1530.0 1503.0
1581.0 1530.0
1533.0 1518.0
1496.0 1551.0
1538.0 1517.0
1484.0 1502.0
1524.0 1493.0
1451.0 1575.0
1493.0 1469.0
1491.0 1474.0
1444.0 1411.0
1384.0 1421.0
1441.0 1450.0
1348.0 1405.0
2020.0 1437.0
1416.0 1376.0
1367.0 1326.0
1309.0 1378.0
1252.0 1241.0
1297.0 1269.0
1266.0 1207.0
1254.0 1242.0
1224.0 1210.0
1160.0 1196.0
1193.0 1117.0
1186.0 1143.0
1086.0 1139.0
1057.0 1068.0
1050.0 981.0
1005.0 1000.0
1016.0 1060.0
994.0 1004.0
903.0 906.0
931.0 923.0
897.0 866.0
897.0 891.0
881.0 885.0
852.0 882.0
916.0 801.0
837.0 795.0
807.0 798.0
836.0 799.0
769.0 799.0
792.0 814.0
792.0 734.0
819.0 802.0
748.0 800.0
811.0 749.0
803.0 749.0
792.0 838.0
813.0 804.0
861.0 801.0
802.0 817.0
859.0 816.0
847.0 832.0
882.0 859.0
916.0 884.0
856.0 896.0
965.0 946.0
975.0 971.0
985.0 977.0
998.0 1010.0
1059.0 1062.0
1052.0 1035.0
1130.0 1066.0
1097.0 1124.0
1119.0 1213.0
1141.0 1176.0
1202.0 1208.0
1162.0 1194.0
1261.0 1236.0
1265.0 1242.0
1335.0 1245.0
1352.0 1314.0
1374.0 1300.0
1327.0 1329.0
1404.0 1378.0
1389.0 1437.0
1513.0 1374.0
1425.0 1420.0
1484.0 1495.0
1422.0 1471.0
1418.0 1424.0
1489.0 1454.0
1487.0 1510.0
1483.0 1423.0
1483.0 1454.0
1438.0 1506.0
1398.0 1431.0
1464.0 1479.0
1448.0 1402.0
1420.0 1439.0
1342.0 1389.0
1389.0 1373.0
1330.0 1493.0
1364.0 1417.0
1349.0 1398.0
1227.0 1334.0
1314.0 1392.0
1276.0 1246.0
1287.0 1257.0
1252.0 1223.0
1210.0 1235.0
1122.0 1287.0
1179.0 1175.0
1124.0 1083.0
1120.0 1134.0
1143.0 1137.0
1043.0 1088.0
1001.0 1062.0
1076.0 1000.0
974.0 943.0
985.0 951.0
902.0 965.0
961.0 894.0
969.0 893.0
928.0 897.0
881.0 888.0
875.0 857.0
831.0 845.0
862.0 788.0
839.0 752.0
764.0 758.0
780.0 777.0
826.0 835.0
844.0 752.0
867.0 759.0
851.0 763.0
811.0 828.0
848.0 832.0
817.0 779.0
848.0 829.0
859.0 849.0
913.0 857.0
903.0 917.0
965.0 899.0
881.0 887.0
909.0 1000.0
1025.0 907.0
947.0 1051.0
1025.0 1074.0
1060.0 1035.0
1147.0 1061.0
1061.0 1083.0
1110.0 1072.0
1169.0 1161.0
1119.0 1142.0
1182.0 1228.0
1144.0 1191.0
1228.0 1220.0
1272.0 1272.0
1331.0 1296.0
1330.0 1251.0
1374.0 1370.0
1391.0 1276.0
1353.0 1329.0
1394.0 1410.0
1365.0 1366.0
1432.0 1390.0
1423.0 1413.0
1468.0 1470.0
1531.0 1448.0
1406.0 1457.0
1468.0 1519.0
1493.0 1555.0
1492.0 1554.0
1527.0 1558.0
1496.0 1519.0
1592.0 1580.0
1520.0 1540.0
1542.0 1510.0
1554.0 1502.0
1610.0 1520.0
1554.0 1539.0
1506.0 1515.0
1541.0 1566.0
